[X]
Y00 = 0
Y10 = 481.774655196
Y20 = -2.1018112876
Y01 = 2.4393006612e-1
Y11 = -1.6110822121e-3
Y02 = -2.501711190e-7
Y12 = 4.4226215e-10
Y21 = 4.69192358e-6

[A]
Y00 = 38250.0546
Y10 = 456.781075
Y20 = -6.78145293
Y01 = 2.45375e-1
Y11 = 2.519e-3
Y02 = -2.78e-7
Y12 = -1.2e-8
Y21 = -3.99e-5